#alienvault
site_latitude: 47.381090
site_longitude: 12.164240
siem_ip: 192.16.18.10
